135020 8
2814 3
4848 1639
4993 273
4625 211
4068 1
3548 2
4041 589
3732 0
3289 0
2999 0
3667 602
3317 0
3551 348
3256 0
3417 338
3403 172
3163 0
3339 282
3034 0
2782 1
3252 407
3252 166
3048 0
3240 287
2980 1
3165 294
3166 151
3205 170
2938 0
3051 280
3183 134
3159 171
2912 0
3047 305
3101 149
2881 0
3079 268
3151 154
3107 148
2875 0
3046 285
2866 0
3021 293
2824 0
3033 275
2802 0
2615 0
3075 409
3079 159
3093 137
2882 0
3097 271
3063 170
2830 1
2598 0
2999 412
3102 145
2763 0
3081 275
2864 1
3069 313
2794 1
2650 1
2374 0
2176 0
2138 1
2976 653
2910 0
2630 1
3030 371
2803 0
2661 1
2986 419
3109 174
3058 157
2847 0
3038 275
2837 0
3012 308
3101 168
3062 145
2805 0
3065 297
3044 159
3073 153
3084 156
3047 145
2813 0
3047 282
3050 155
3126 181
2832 1
2588 0
2439 2
2359 0
3017 536
3040 176
3068 156
2931 0
3084 278
2797 1
2643 1
2478 1
2339 1
2971 532
3106 154
3028 141
3060 173
3052 159
2878 1
3055 281
2807 0
3064 310
2815 0
3058 286
3104 170
3123 154
3075 154
2870 1
2629 2
3084 407
2899 0
3074 263
2867 1
3051 307
2812 0
2950 284
2899 2
3040 291
2858 0
3043 301
3120 170
2904 1
3103 291
2790 0
2596 1
2971 391
2882 1
3052 267
3038 170
2882 0
3017 264
3108 176
2864 0
3091 288
2866 2
3037 269
2904 0
2607 0
3004 391
2866 0
3015 297
3148 155
2845 0
3098 295
2859 0
3075 291
3069 159
3051 138
2816 0
2567 1
2959 421
3063 169
3147 143
3000 160
2844 0
3048 278
2788 1
3064 309
2823 0
2630 0
2513 0
3056 453
3059 154
3120 168
2826 1
3081 311
3100 151
2869 1
3043 262
3069 163
2873 0
3086 253
2836 1
2620 1
3059 401
2882 0
2661 0
2394 0
3007 494
2848 0
3037 287
2880 0
2551 0
2994 417
2858 1
2616 0
3021 408
2987 162
2843 0
2591 1
2373 0
2963 494
2777 0
2975 294
2823 0
2583 0
2395 0
2242 0
2174 0
2916 612
3038 170
2916 0
3105 288
2846 0
2666 1
2448 0
3012 487
2895 0
2656 0
3024 375
3031 153
3103 154
2842 1
2566 0
3058 392
2901 0
3019 272
2829 0
2659 0
2440 1
2249 0
2111 0
1935 0
2942 700
2814 0
2651 0
2401 0
2228 0
2972 568
2881 2
2619 0
2982 385
3096 170
3102 177
2856 0
3093 259
3083 166
2856 1
3045 282
3065 144
3124 153
2865 2
2657 1
2443 0
2298 0
2975 550
2987 180
2827 0
2601 0
3133 386
2799 2
2613 1
3035 389
2856 1
2611 0
3040 402
2803 2
3030 291
3103 135
3046 141
2818 2
3053 274
3057 163
2895 0
2655 0
3061 369
2856 0
3044 292
2922 0
2556 0
2489 0
2970 454
2824 1
3063 302
3064 166
2927 1
2996 263
3070 150
2826 0
3057 279
3052 148
2801 0
2983 290
3162 169
3068 154
2826 0
2611 1
2437 1
3046 495
3164 136
3057 146
2954 1
2667 0
2480 1
3044 460
2831 1
3008 274
2879 0
3041 295
2896 0
2987 278
2812 1
3030 316
2853 1
3044 289
2815 0
2529 1
2361 1
3013 504
2813 0
2662 2
2470 0
2254 0
2906 557
3071 170
3117 161
3083 143
2813 1
3084 282
3050 152
3033 164
2847 0
2624 1
3009 394
3104 158
3053 184
3129 141
3078 146
2913 1
3139 257
2826 0
2988 285
3096 155
3053 147
2916 0
3043 258
2889 0
2652 0
2953 382
2870 0
3016 279
2862 0
2550 0
3008 419
3061 157
2792 2
2625 0
2472 1
3020 464
2815 1
2647 1
2458 0
2268 0
3000 554
3075 133
2893 1
3061 282
3134 167
2879 0
2654 0
2995 365
2986 177
2807 1
2628 0
2492 2
2988 471
2833 1
2617 0
3026 388
2869 1
2997 306
2865 0
2631 1
2969 399
2818 0
2601 1
2418 0
2302 0
3011 558
3102 143
2791 0
2561 0
2370 1
3016 510
2842 0
3084 291
2789 0
3057 301
3021 169
2788 0
2649 0
2436 1
2992 500
3056 149
2890 1
2678 0
3009 387
2815 0
2617 1
2436 0
2273 0
2094 0
2915 635
2858 0
2630 0
2408 0
3001 491
3121 142
3059 158
3040 160
3113 165
2766 0
3060 291
3117 150
3113 151
2937 0
2686 0
2391 1
3021 477
3043 175
3081 164
2855 1
2676 0
2459 0
2312 0
2968 546
2803 1
3051 295
2864 1
3003 274
2898 0
3080 288
3093 158
2890 0
2522 1
2487 0
2255 0
2148 0
2973 620
2814 1
3081 265
2994 165
2916 0
3070 259
3114 150
2809 0
2592 0
2412 0
2926 498
3099 167
3074 134
2889 1
2711 0
2417 1
2986 476
3077 153
3119 131
3089 174
2903 0
2640 0
2992 398
2912 0
3055 273
2850 0
3118 306
3075 157
3066 167
3098 149
2826 0
2653 1
3008 382
2883 0
3101 300
3048 158
2874 0
3063 297
2853 1
3085 284
2904 0
2673 0
2441 1
3004 467
2848 0
2623 0
2452 0
2272 1
2146 0
2023 0
2995 686
2795 1
3062 288
2847 1
2614 0
3023 387
2814 0
3034 277
3032 159
2859 1
2639 0
2435 0
2303 0
